147
0 6 48 49 50 51 52 53
0 4 119 120 121 122
0 14 97 98 99 100 101 102 103 104 105 106 107 108 109 110
0 17 47 51 52 103 102 53 121 47 114 51 52 102 51 51 52 53 103
0 56 109 101 116 104 111 100 78 97 109 101 49 48 97 55 100 48 51 48 45 49 97 54 49 45 49 49 101 51 45 98 101 101 97 45 48 48 49 99 52 50 101 50 97 48 56 98 109 101 116 104 111 100 78 97 109 101
0 15 85 115 101 114 45 65 103 101 110 116 69 77 69 82 89
0 21 47 103 101 116 95 115 116 97 116 117 115 46 112 104 112 63 110 97 109 101 61
0 24 85 115 101 114 45 65 103 101 110 116 58 32 71 111 111 103 108 101 32 79 109 97 104 97
0 19 85 115 101 114 45 65 103 101 110 116 68 78 83 32 67 104 101 99 107
0 16 85 115 101 114 45 65 103 101 110 116 65 76 73 90 69 82
0 196 71 69 84 32 47 32 72 84 84 80 47 49 46 49 85 115 101 114 45 65 103 101 110 116 58 32 77 111 122 105 108 108 97 47 52 46 48 32 40 99 111 109 112 97 116 105 98 108 101 32 77 83 73 69 32 54 46 48 32 87 105 110 100 111 119 115 32 78 84 32 53 46 49 32 83 86 49 32 46 78 69 84 52 46 48 67 32 46 78 69 84 52 46 48 69 32 46 78 69 84 32 67 76 82 32 50 46 48 46 53 48 55 50 55 32 46 78 69 84 32 67 76 82 32 51 46 48 46 52 53 48 54 46 50 49 53 50 32 46 78 69 84 32 67 76 82 32 51 46 53 46 51 48 55 50 57 41 72 111 115 116 58 32 105 112 45 97 100 100 114 46 101 115 67 97 99 104 101 45 67 111 110 116 114 111 108 58 32 110 111 45 99 97 99 104 101
0 15 110 97 109 101 61 115 99 114 101 101 110 115 104 111 116
0 24 83 117 98 106 101 99 116 72 97 119 107 69 121 101 32 75 101 121 108 111 103 103 101 114
0 23 85 115 101 114 45 65 103 101 110 116 58 32 77 97 122 105 108 108 97 47 53 46 48
0 6 68 69 88 84 56 55
0 19 85 115 101 114 45 65 103 101 110 116 58 32 82 85 112 100 97 116 101
0 37 47 115 101 111 46 112 104 112 63 117 115 101 114 110 97 109 101 61 77 65 82 69 89 79 76 69 38 102 111 114 109 97 116 61 112 116 112
0 27 47 98 108 111 103 45 116 114 97 98 97 106 111 115 47 110 54 53 100 106 49 55 105 49 56 51 54
0 9 66 85 73 76 68 32 88 56 54
0 10 83 67 65 78 78 69 82 32 79 78
0 4 40 41 32 123
0 4 40 41 32 123
0 4 40 41 32 123
0 13 37 51 68 37 50 56 37 50 57 43 37 55 66
0 10 85 83 69 82 105 109 97 103 101 115
0 10 80 65 83 83 105 109 97 103 101 115
0 5 98 112 97 115 115
0 5 82 69 65 68 89
0 5 82 69 65 68 68
0 5 72 69 76 76 79
0 8 46 104 116 109 108 63 48 46
0 21 46 112 104 112 63 99 104 97 118 101 61 120 99 104 97 118 101 38 117 114 108
0 19 85 115 101 114 45 65 103 101 110 116 109 97 99 114 111 116 101 115 116
0 24 85 115 101 114 45 65 103 101 110 116 58 32 104 101 108 108 111 32 99 114 97 122 121 107
0 6 104 105 107 105 116 62
0 12 101 99 104 111 99 109 100 98 101 103 105 110
0 16 47 99 97 99 104 101 47 112 100 102 95 101 102 97 120 95
0 20 47 97 118 105 97 116 105 99 47 115 121 115 116 101 109 97 46 101 120 101
0 11 47 109 105 110 101 114 100 46 101 120 101
0 9 109 121 118 101 114 115 105 111 110
0 25 71 69 84 32 47 49 50 51 52 53 54 55 56 57 46 102 117 110 99 116 105 111 110 115 115
0 15 69 78 68 83 69 82 86 69 82 66 85 70 70 69 82
0 107 46 120 112 103 46 99 111 109 46 98 114 65 99 99 101 112 116 58 32 116 101 120 116 47 104 116 109 108 44 32 42 47 42 65 99 99 101 112 116 45 69 110 99 111 100 105 110 103 58 32 105 100 101 110 116 105 116 121 85 115 101 114 45 65 103 101 110 116 58 32 77 111 122 105 108 108 97 47 51 46 48 32 40 99 111 109 112 97 116 105 98 108 101 32 73 110 100 121 32 76 105 98 114 97 114 121 41
0 22 102 105 108 101 61 83 101 110 100 101 114 67 108 105 101 110 116 46 99 111 110 102
0 29 85 115 101 114 45 65 103 101 110 116 32 85 112 100 97 116 101 115 32 100 111 119 110 108 111 97 100 101 114
0 61 71 69 84 32 47 32 72 84 84 80 47 49 46 49 85 115 101 114 45 65 103 101 110 116 58 32 77 111 122 105 108 108 97 47 52 46 48 72 111 115 116 58 32 99 104 101 99 107 105 112 46 100 121 110 100 110 115 46 111 114 103
0 16 102 97 99 101 98 111 111 107 46 99 111 109 46 101 120 101
0 18 85 115 101 114 45 65 103 101 110 116 58 32 84 105 120 68 108 108
0 16 47 109 47 102 95 108 95 97 100 100 111 110 46 120 112 105
0 17 47 108 47 97 102 95 108 95 97 100 100 111 110 46 120 112 105
0 14 47 97 103 47 112 108 117 103 105 110 46 99 114 120
0 43 77 111 122 105 108 108 97 47 52 46 48 32 99 111 109 112 97 116 105 98 108 101 32 77 83 73 69 32 52 46 48 49 32 87 105 110 100 111 119 115 32 78 84
0 33 47 110 111 118 114 101 100 105 114 95 105 110 102 46 112 104 112 63 97 112 116 47 108 111 103 105 110 46 106 115 112 63 61
0 32 47 99 104 97 109 106 97 118 97 110 118 46 105 110 102 63 97 97 112 102 47 108 111 103 105 110 46 106 115 112 63 61
0 18 85 115 101 114 45 65 103 101 110 116 58 32 102 111 114 116 105 115
0 40 74 79 73 78 32 35 116 101 115 116 49 74 79 73 78 32 35 116 101 115 116 50 74 79 73 78 32 35 116 101 115 116 51 32 40 110 117 108 108 41
0 12 74 79 73 78 32 35 110 32 106 111 98 115
0 13 74 79 73 78 32 35 98 105 122 32 97 98 99
0 20 85 115 101 114 45 65 103 101 110 116 32 122 48 48 115 65 103 101 110 116
0 18 85 115 101 114 45 65 103 101 110 116 32 90 111 108 108 97 114 100
0 16 102 105 108 101 110 97 109 101 61 101 120 101 46 101 120 101
0 6 85 80 68 65 84 69
0 15 102 114 43 111 109 67 104 43 97 114 67 111 43 100 101
0 31 99 43 114 50 43 101 43 97 43 116 43 101 43 69 43 108 43 101 43 109 43 40 40 102 41 63 101 43 110 43 116
0 14 97 113 61 48 120 102 102 61 83 116 114 105 110 103
0 22 112 115 61 115 112 108 105 116 97 115 100 61 102 117 110 99 116 105 111 110 40 41
0 14 47 118 50 50 47 109 117 116 97 98 105 120 97 47
0 13 47 99 114 121 112 116 95 49 95 115 101 108 108
0 82 85 115 101 114 45 65 103 101 110 116 32 79 112 101 114 97 47 49 48 46 56 48 32 87 105 110 100 111 119 115 32 78 84 32 53 46 49 32 85 32 69 100 105 116 105 111 110 32 89 120 32 101 110 32 80 114 101 115 116 111 47 50 46 57 46 49 54 56 32 86 101 114 115 105 111 110 47 49 49 46 53 50
0 15 102 114 111 109 61 37 50 48 78 111 109 101 46 46 58
0 28 47 105 110 100 101 120 46 97 115 112 120 63 105 110 102 111 61 99 114 101 97 116 101 112 114 111 99 95
0 25 47 105 110 100 101 120 46 97 115 112 120 63 105 110 102 111 61 116 115 101 114 114 111 114 95
0 26 47 105 110 100 101 120 46 97 115 112 120 63 105 110 102 111 61 99 111 110 102 105 103 107 101 121
0 22 47 105 110 100 101 120 46 97 115 112 120 63 105 110 102 111 61 114 101 117 115 101
0 28 47 105 110 100 101 120 46 97 115 112 120 63 105 110 102 111 61 115 116 97 114 116 117 112 107 101 121 95
0 67 105 110 115 101 114 116 32 105 110 116 111 32 97 118 115 32 40 105 100 44 32 112 99 44 100 97 116 97 44 114 101 102 44 99 111 117 110 116 114 121 32 44 32 105 100 95 117 115 101 114 44 32 109 111 115 116 114 97 114 41 118 97 108 117 101 115 40
0 69 60 98 111 100 121 62 60 98 62 60 47 98 62 60 115 116 121 108 101 62 100 105 118 123 111 118 101 114 102 108 111 119 104 105 100 100 101 110 119 105 100 116 104 49 112 120 104 101 105 103 104 116 49 112 120 125 60 47 115 116 121 108 101 62 60 100 105 118 62
0 18 47 117 112 100 97 116 101 47 112 97 114 97 109 46 112 104 112 63
0 18 47 117 112 100 97 116 101 47 109 121 105 110 102 111 46 112 104 112
0 15 47 117 112 100 97 116 101 47 105 100 111 46 105 112 108
0 31 46 112 104 112 32 72 84 84 80 47 49 46 49 85 115 101 114 45 65 103 101 110 116 58 32 79 112 101 114 97 47
0 22 85 115 101 114 45 65 103 101 110 116 32 77 111 122 105 49 108 97 47 52 46 48
0 44 60 105 102 114 97 109 101 32 115 114 99 61 89 79 85 82 50 48 66 82 79 87 83 69 82 50 48 72 65 83 50 48 66 69 69 78 50 48 76 79 67 75 69 68
0 10 47 106 111 118 102 46 104 116 109 108
0 10 47 106 108 110 112 46 104 116 109 108
0 10 47 106 111 114 103 46 104 116 109 108
0 17 102 105 108 101 110 97 109 101 61 115 105 116 101 46 106 97 114
0 17 102 105 108 101 110 97 109 101 61 97 116 111 109 46 106 97 114
0 8 60 62 73 68 76 69 60 62
0 36 32 77 83 73 69 32 54 46 48 32 87 105 110 100 111 119 115 32 78 84 32 53 46 49 41 65 99 99 101 112 116 58 32 42 47 42
0 23 47 99 111 110 116 101 110 116 47 105 109 103 47 97 119 97 114 100 115 46 106 112 103
0 63 60 115 99 114 105 112 116 32 116 121 112 101 61 116 101 120 116 47 106 97 118 97 115 99 114 105 112 116 32 115 114 99 61 47 115 99 114 105 112 116 115 47 100 101 102 97 117 108 116 48 46 106 115 62 60 47 115 99 114 105 112 116 62
0 4 102 117 108 108
0 7 97 108 108 104 116 116 112
0 8 115 108 111 119 104 116 116 112
0 8 102 97 115 116 100 100 111 115
0 8 100 111 119 110 108 111 97 100
0 3 102 116 112
0 5 114 97 110 103 101
0 8 97 110 116 105 100 100 111 115
0 7 114 101 115 111 108 118 101
0 4 101 120 101 99
0 3 100 110 115
0 7 99 111 110 110 101 99 116
0 7 100 97 116 97 103 101 116
0 4 105 99 109 112
0 4 100 97 116 97
0 7 117 100 112 100 97 116 97
0 3 117 100 112
0 3 115 121 110
0 8 100 97 116 97 112 111 115 116
0 9 108 111 103 105 110 112 111 115 116
0 6 115 105 109 112 108 101
0 5 115 108 101 101 112
0 3 100 105 101
0 4 115 116 111 112
0 4 104 116 116 112
0 14 115 95 116 97 115 107 46 112 104 112 63 105 100 61
0 15 115 95 97 108 105 118 101 46 112 104 112 63 105 100 61
0 6 80 67 82 97 116 100
0 8 79 112 101 114 97 47 49 48
0 30 77 111 122 105 108 108 97 51 46 48 32 67 111 109 112 97 116 105 98 108 101 66 114 117 116 117 115 65 69 84
0 14 47 110 111 115 105 103 110 97 108 46 106 112 103 63
0 29 85 115 101 114 45 65 103 101 110 116 32 66 114 111 110 116 111 107 46 65 56 32 66 114 111 119 115 101 114
0 21 47 112 105 99 115 47 95 118 116 105 95 99 110 102 47 48 48 46 105 110 102
0 42 97 61 115 101 108 101 99 116 32 67 65 77 80 79 32 102 114 111 109 32 80 65 71 73 78 65 32 119 104 101 114 101 32 67 79 68 73 71 79 32 61 32
0 20 47 98 47 110 47 119 105 110 114 97 114 47 116 117 100 111 46 114 97 114
0 32 121 111 79 52 84 65 98 110 50 116 112 108 53 68 108 116 67 102 65 83 74 73 90 50 115 112 69 74 80 76 83 110
0 55 47 72 111 109 101 47 105 110 100 101 120 46 112 104 112 32 119 105 100 116 104 61 49 32 104 101 105 103 104 116 61 49 32 115 99 114 111 108 108 105 110 103 61 110 111 62 60 47 105 102 114 97 109 101 62
0 16 98 51 55 57 48 99 73 78 84 54 55 54 48 108 48 57
0 64 85 115 101 114 45 65 103 101 110 116 32 77 111 122 105 108 108 97 47 53 46 48 32 40 87 105 110 100 111 119 115 32 85 32 77 83 73 69 32 57 46 48 32 87 105 110 100 111 119 115 32 78 84 32 57 46 48 32 101 110 45 85 83 41
0 16 46 112 104 112 63 112 104 112 61 114 101 99 101 105 112 116
0 6 47 115 47 63 107 61
0 22 85 115 101 114 45 65 103 101 110 116 78 101 119 66 114 97 110 100 84 101 115 116
0 14 32 72 84 84 80 47 49 46 48 72 111 115 116 58
0 17 97 61 89 87 90 109 97 87 81 57 77 68 85 121 79 68 103
0 11 47 114 101 98 111 116 115 46 112 104 112
0 81 110 97 109 101 61 84 119 105 116 116 101 114 32 115 99 114 111 108 108 105 110 103 61 97 117 116 111 32 102 114 97 109 101 98 111 114 100 101 114 61 110 111 32 97 108 105 103 110 61 99 101 110 116 101 114 32 104 101 105 103 104 116 32 61 32 49 112 120 32 119 105 100 116 104 32 61 32 49 112 120 62
0 7 47 104 105 46 99 103 105
0 22 85 115 101 114 45 65 103 101 110 116 99 111 114 101 45 112 114 111 106 101 99 116
0 23 85 115 101 114 45 65 103 101 110 116 32 97 115 97 102 97 119 101 98 46 99 111 109
0 4 46 119 109 102
0 4 46 101 109 102
0 3 46 114 112
0 3 46 114 116
0 4 46 114 109 112
0 3 46 114 97
